29582 722.287 356.251 213 8 86 255 1
88839 619.576 421.601 178 133 72 255 1
87215 575.142 359.522 77 165 5 255 1
95821 677.855 294.172 6 102 139 255 1
65963 384.095 114.397 75 132 231 255 2
24843 486.808 49.0474 239 24 90 255 1
99411 428.529 176.466 200 243 200 255 2
82818 531.24 111.116 76 203 38 255 1
77303 251.983 131.605 111 234 240 255 2
72271 383.515 654.299 253 94 151 255 1
51368 486.228 588.949 204 227 98 255 1
87379 427.949 716.377 211 191 96 255 1
42061 530.656 651.027 185 112 41 255 1
26278 192.467 409.174 45 193 165 255 1
65443 295.181 343.824 98 224 84 255 1
83740 236.902 471.243 160 2 51 255 1
38711 339.613 405.893 160 65 125 255 2
58260 137.06 345.256 0 255 0 255 1
45480 162.456 224.511 0 255 0 255 1
|
26278 65443 83740 |
45480 58260 |
65963 24843 99411 |
72271 51368 87379 26278 77303 |
83740 38711 |
87215 95821 88839 65963 |
87379 42061 |
88839 29582 |
99411 82818 |